mass_A
t	x	y
0.0	0.002125481178520794	-3.4262557355330125E-4
0.008422222222223354	0.0021884260857955584	-2.852911648079104E-4
0.01684444444444489	0.0021752409052239186	-2.1415009817227215E-4
0.02526666666666824	0.002156990666715042	-2.1426117441275538E-4
0.03368888888888978	0.0021109981730026983	-2.708651295594833E-4
0.042111111111111314	0.0021393026878198107	-6.933141095066819E-5
0.05053333333333285	0.002095285535779423	1.0342767714122125E-4
0.05895555555555438	0.002194644448057559	4.1830936942671704E-4
0.06737777777777773	0.0022828938258455667	7.336994318692946E-4
0.07579999999999927	0.0022880570909034614	8.358016467133744E-4
0.08422222222222263	0.0026240372680662594	6.083533774944305E-4
0.09264444444444417	0.0031803270179163734	-2.732262112610795E-4
0.10106666666666751	0.0033055450241837314	-9.094363149911855E-4
0.10948888888888905	0.002643262931036394	-0.0012055378551086848
0.11791111111111241	0.0016269395996343916	-9.957167454793803E-4
0.12633333333333394	7.694472072025116E-4	-5.405484972011432E-4
0.13475555555555546	1.0467897769333989E-4	1.9401316416112202E-4
0.14317777777777882	7.627649130770298E-5	0.0010120775492570844
0.15160000000000037	3.4945205267855606E-4	0.0021427378308389033
0.16002222222222373	9.767049890719859E-4	0.0034065853598325146
0.16844444444444526	0.002206121427670238	0.005279007931986546
0.17686666666666861	0.0032605182607910455	0.006742545861169652
0.18528888888888834	0.00421306211735073	0.007587304891053304
0.19371111111111167	0.00482299752070664	0.00845661048789878
0.20213333333333322	0.005989810204157897	0.009545516840494428
0.21055555555555475	0.007056999837821376	0.010703674488711956
0.2189777777777781	0.008382256053397596	0.011808676656089534
0.22739999999999963	0.009825154164352201	0.012956382099087338
0.235822222222223	0.011084099822329108	0.013860450054502815
0.24424444444444451	0.012234434810877659	0.014361111949713151
0.25266666666666787	0.013111796200025727	0.01455815723735146
0.2610888888888894	0.013725980667815163	0.014490009838509621
0.2695111111111109	0.014781667738998194	0.01468915704859397
0.2779333333333343	0.015498554096976092	0.014738428588252223
0.28635555555555586	0.01615189599416833	0.014669984992790874
0.2947777777777792	0.016761634817732407	0.014515181462943477
0.30320000000000075	0.017895961198877874	0.01496381223165999
0.3116222222222241	0.018626286885389698	0.015120198538435659
0.3200444444444438	0.019330615930993222	0.015293739251979466
0.32846666666666713	0.019731790921891867	0.015613428210691255
0.3368888888888887	0.019832115535273642	0.015722313323372872
0.34531111111111024	0.019797457724454293	0.015690354076406787
0.35373333333333357	0.01943653272493512	0.015493934794337888
0.3621555555555551	0.018813923130163	0.015493439347675553
0.37057777777777845	0.018359438807503403	0.015534098528147217
0.379	0.017301004660401853	0.015072620247302798
0.38742222222222333	0.016591389225317832	0.014892606922510432
0.3958444444444449	0.015488607470860005	0.014347278882946957
0.40426666666666644	0.014746423456194035	0.01442785176772643
0.41268888888888977	0.01412122554028633	0.014342064737144777
0.4212222222222226	0.013410394065528353	0.014027124851749645
0.42964444444444416	0.01285240958973155	0.013734804472032625
0.4380666666666675	0.012103417872264821	0.013341413562807297
0.44648888888888905	0.011585958814683495	0.01298240453456026
0.4549111111111106	0.010798947579051477	0.012532387513515153
0.46333333333333393	0.010152205507264755	0.012129891809004284
0.4717555555555555	0.009420702212576848	0.01122727614902208
0.4801777777777788	0.008578722545877993	0.010524778141396435
0.48860000000000037	0.00791998830912194	0.009947986525566471
0.4970222222222237	0.00745135715139944	0.009281980931572759
0.5054444444444453	0.0067551443220473795	0.008377856721186572
0.5138666666666668	0.006458178950662752	0.007565405266411029
0.5222888888888901	0.005960790961787865	0.006639641347898018
0.5307111111111117	0.005719517706391619	0.005240040466298501
0.5391333333333332	0.005364982910758598	0.004072487981319567
0.5475555555555548	0.005244583955758775	0.002907950144788396
0.5559777777777781	0.005221477258178342	0.002222914008950194
0.5643999999999997	0.005186127728604328	0.0013995904529076064
0.572822222222223	0.0051006245899058444	5.881245029284998E-4
0.5812444444444446	0.005151553761637728	-2.4229056532132365E-4
0.589666666666666	0.005221649696776853	-8.911474774986883E-4
0.5980888888888894	0.005164689329836825	-0.0017069704107311456
0.606511111111111	0.005240862985833539	-0.002401727819019206
0.6149333333333343	0.005295669205250597	-0.0030205059502877996
0.6233555555555559	0.005301528004537537	-0.003535250305609916
0.6317777777777792	0.005330937761698296	-0.004188758008808635
0.6402000000000008	0.005169098776428738	-0.0047385049334711105
0.6486222222222222	0.005148656191384771	-0.005302732457582393
0.6570444444444457	0.00515713887989816	-0.005922954552758208
0.6654666666666672	0.005104917214441396	-0.006465228764778452
0.6738888888888905	0.0050533720205421795	-0.006972326683656771
0.6823111111111102	0.005006037480174641	-0.007541864925690256
0.6907333333333335	0.005008455549756874	-0.007875813380069152
0.6991555555555551	0.005051697967923041	-0.008413541713308992
0.7075777777777784	0.004988733498493769	-0.00867961373586168
0.716	0.005039873929961913	-0.00912287609485568
0.7244222222222215	0.004985477682670547	-0.009720336017192743
0.7328444444444449	0.004979593308177599	-0.01016643966276265
0.7412666666666664	0.005039246389260954	-0.010639547825434359
0.7496888888888897	0.005018658751891114	-0.011060781038971623
0.7581111111111113	0.0050370492499932085	-0.011499500750565772
0.7665333333333346	0.00503288131653179	-0.011715391661190122
0.7749555555555562	0.005033348738521404	-0.012195641156873882
0.7833777777777795	0.0050205198111468174	-0.012682356386561788
0.7918000000000011	0.0050204746678348955	-0.012979843170379701
0.8002222222222226	0.005051757999258832	-0.013363642376869433
0.8086444444444459	0.005070845769942656	-0.013564979248053943
0.8170666666666657	0.005131089162795477	-0.013571155904198273
0.825488888888889	0.005228721275912673	-0.013753328090710504
0.8339111111111106	0.0054344300424797876	-0.013879492849283137
0.8423333333333339	0.005539309714876428	-0.014046120032871534
0.8507555555555555	0.0055336514475961	-0.01426414723382008
0.859177777777777	0.0055121845968527095	-0.014500345251718894
0.8676000000000004	0.005520124331156173	-0.014754548540601098
0.8760222222222219	0.005460429774069464	-0.015125254193994353
0.8844444444444453	0.005388984108770367	-0.015420757301115695
0.8928666666666668	0.00517925184047513	-0.01578925937553166
0.9012888888888901	0.004953964597729343	-0.016060213619868702
0.9097111111111117	0.005002761560332913	-0.016297445033042868
0.918133333333335	0.004958290518946251	-0.016730393720153558
0.9265555555555566	0.0050370856497438665	-0.01714289014313808
0.9349777777777781	0.005012585506993905	-0.01728982255987699
0.9434000000000015	0.005114477968092779	-0.017744499135389002
0.951822222222223	0.004931000266132024	-0.018260802254514485
0.9602444444444446	0.004809769585555179	-0.01842060130123624
0.968666666666666	0.004833858295847315	-0.0185168521781644
0.9770888888888895	0.004878589038644188	-0.018727646828229416
0.985511111111111	0.004338583402708207	-0.018950627234143314
0.9939333333333324	0.004161035551990544	-0.019043694498203367
1.0023555555555559	0.004234715103328901	-0.018971961698129924
1.0107777777777773	0.004081191967264419	-0.01895895635317152
1.0192000000000008	0.0036070626948184747	-0.01891156956431228
1.0276222222222222	0.0036032958707687968	-0.018858537798561836
1.0360444444444457	0.0037916679366392647	-0.01870133083497383
1.044466666666667	0.0037678461935453655	-0.018427087386499064
1.0528888888888905	0.0036289298344965304	-0.01839640891962091
1.061311111111112	0.003691072387380201	-0.018396665971166293
1.0697333333333336	0.0038090453019042902	-0.01838267628091994
1.0781555555555569	0.003673141444620609	-0.01844475324185546
1.0865777777777785	0.0033853659499181177	-0.018416989396766503
1.095	0.003152648203242181	-0.018343074315835817
1.1034222222222216	0.0031595617698225165	-0.018251128587938203
1.1118444444444449	0.0030614052301375927	-0.018299732822579295
1.1202666666666665	0.002753066766965795	-0.018266103030380565
1.1286888888888897	0.0025959322669018015	-0.018193282190573146
1.1371111111111114	0.0027757466016292698	-0.017954475345744736
1.1455333333333328	0.0027335400306554014	-0.017680134551130045
1.1539555555555563	0.0024563162768794777	-0.017431870311103548
1.1623777777777777	0.0025860042090083413	-0.01718266474904373
1.1708000000000012	0.0029226033894266257	-0.017094836023451743
1.1792222222222226	0.002922854078016901	-0.017005657046248568
1.187644444444446	0.002951627631468945	-0.01688210200211704
1.1960666666666675	0.003081412732210409	-0.01653760547694305
1.204488888888889	0.0031960505312227383	-0.01596265288556975
1.2129111111111124	0.003047733243115025	-0.015886609637759397
1.221333333333334	0.002933250764411699	-0.01572865981931748
1.2297555555555555	0.0030205300721126704	-0.015394090551185347
1.238177777777777	0.003123549690138838	-0.01477805454841874
1.2466000000000004	0.0030758358850134226	-0.014645721724185712
1.2550222222222218	0.003054974638659169	-0.014631642579502613
1.2634444444444453	0.003061766724209436	-0.014570874659172062
1.2718666666666667	0.003064023904268076	-0.014566116754682723
1.2802888888888884	0.0028098744050326085	-0.014666119723593551
1.2887111111111116	0.0024427967706014964	-0.014705472551338417
1.2971333333333332	0.0024559487070980324	-0.014733302985331986
1.3055555555555565	0.0024272220878811535	-0.014759436793183534
1.3139777777777781	0.0023097853431620075	-0.01508883748698664
1.3224000000000014	0.002416037791947101	-0.01516534136419212
1.330822222222223	0.002484769041309731	-0.014860852971867733
1.3392444444444445	0.002581277162097273	-0.014631137169081043
1.347666666666668	0.002486511221044152	-0.014493031119625188
1.3560888888888893	0.002499628500123474	-0.014360148375300863
1.3645111111111128	0.002541840876148005	-0.01401443238479827
1.3729333333333325	0.0025498804863586244	-0.013709293092382557
1.381355555555556	0.002475956563236792	-0.013465314279799245
1.3897777777777773	0.0025110680443692357	-0.013271721473410825
1.3982000000000008	0.0024880503053212877	-0.012902397168939594
1.4066222222222222	0.0025440415864177446	-0.012649245647536556
1.4150444444444439	0.002474195155952763	-0.012363500236458547
1.423466666666667	0.002488990440298655	-0.012091040439764944
1.4318888888888888	0.00255884274176299	-0.011588342517558803
1.440311111111112	0.0025825810886932477	-0.01132745616966735
1.4487333333333337	0.0024803530195383616	-0.011103707100788673
1.4571555555555569	0.0024735180826429004	-0.010992576379901975
1.4655777777777785	0.0025191244571456384	-0.01092969943493216
1.4740000000000018	0.002532583363518248	-0.010909944737996835
1.4824222222222234	0.002445768758798539	-0.010963843318025357
1.4908444444444449	0.002484681895088048	-0.010948930441260663
1.4992666666666683	0.002580288863782476	-0.010809703589700903
1.507688888888888	0.002567002610959379	-0.01024556182522357
1.5161111111111114	0.0024559515597147863	-0.009887053275955626
1.5245333333333329	0.0024862486703725595	-0.009716488599906759
1.5329555555555563	0.002524855192992115	-0.009612733063145473
1.5413777777777777	0.002532431996185358	-0.009502917095817243
1.5497999999999992	0.0025254116491771894	-0.009557706422131829
1.5582222222222226	0.0025266431346415152	-0.009404310918081193
1.566644444444444	0.002609373792446801	-0.00940909999663625
1.5750666666666675	0.0026850709487227786	-0.009506245669397784
1.583488888888889	0.002621850192099595	-0.009155909747369961
1.5919111111111124	0.0026766831704906346	-0.009018887852734359
1.6003333333333338	0.0026898486876794636	-0.00892088922498635
1.6087555555555573	0.0026470073932262084	-0.008922542510305997
1.617177777777779	0.002588809019394789	-0.008887583600355575
1.6256000000000004	0.002607512642967269	-0.008923844056253183
1.6340222222222238	0.002654330916826153	-0.008791013164528794
1.6424444444444453	0.0033594593619337143	-0.008381137991896659
1.6508666666666667	0.0034320256408955085	-0.008086601055616371
1.6592888888888884	0.003559852844332967	-0.007906747358238653
1.6677111111111116	0.0033763250088728602	-0.007876184896715877
1.6761333333333333	0.003372255543210134	-0.007782643630448005
1.6846666666666679	0.0034308717128967436	-0.007736017290483566
1.6930888888888893	0.0034643345587880847	-0.007457934487042017
1.7015111111111128	0.0035216019952911126	-0.0071790141676720265
1.7099333333333342	0.0033446316921297847	-0.007001474723845935
1.7183555555555576	0.0033188576489815436	-0.00677607129233071
1.7267777777777773	0.0032997234893669125	-0.006416532490417959
1.735199999999999	0.003306252089363637	-0.006135515316002205
1.7436222222222222	0.0032983753024348195	-0.005844869423841326
1.7520444444444438	0.00331537003433241	-0.005853388785471536
1.760466666666667	0.0033563780908329455	-0.00566716907671605
1.7688888888888887	0.003371054135721918	-0.005534745780937045
1.777311111111112	0.003356630154318585	-0.00542989105098074
1.7857333333333336	0.0033557672935016214	-0.005399998196929767
1.794155555555555	0.003320333149176069	-0.005310721743436386
1.8025777777777785	0.0033202974563084076	-0.005319934979800434
